
1,0 -> 0.4048917862850834
6,0 -> 0.982793723247329
7,0 -> 1.2490457723982544
8,0 -> 1.5707963267948966
9,0 -> 1.8925468811915387
10,0 -> 2.158798930342464
14,0 -> 2.677945044588987
0,1 -> 0.24497866312686414
1,1 -> 0.27829965900511133
5,1 -> 0.5880026035475675
6,1 -> 0.7853981633974483
8,1 -> 1.5707963267948966
9,1 -> 2.0344439357957027
10,1 -> 2.356194490192345
11,1 -> 2.5535900500422257
12,1 -> 2.677945044588987
15,1 -> 2.8632929945846817
16,1 -> 2.896613990462929
0,2 -> 0.12435499454676144
1,2 -> 0.1418970546041639
5,2 -> 0.3217505543966422
9,2 -> 2.356194490192345
11,2 -> 2.819842099193151
12,2 -> 2.896613990462929
13,2 -> 2.9441970937399122
14,2 -> 2.976443976175166
15,2 -> 2.999695598985629
2,3 -> 0
12,3 -> 3.141592653589793
13,3 -> 3.141592653589793
14,3 -> 3.141592653589793
2,4 -> -0.16514867741462683
4,4 -> -0.24497866312686414
10,4 -> -2.677945044588987
15,4 -> -2.999695598985629
16,4 -> -3.017237659043032
